Nomes_cc	2015	2016	2017	2018	2019	2020	2021	2022	2023	2024
Abrantes	230	210	208	210	201	198	166	196	206	237
Águeda	327	347	353	290	361	348	306	350	310	346
Aguiar da Beira	22	24	20	26	23	28	30	28	25	27
Alandroal	37	40	24	31	18	30	32	22	30	29
Albergaria-a-Velha	180	169	195	212	186	196	155	172	208	176
Albufeira	419	451	495	479	495	494	453	434	535	524
Alcácer do Sal	79	62	63	69	83	81	64	83	76	63
Alcanena	88	101	84	82	80	83	70	77	83	89
Alcobaça	360	351	374	367	388	395	361	437	441	433
Alcochete	159	170	182	156	158	138	152	160	164	165
Alcoutim	15	9	11	11	11	11	7	9	8	6
Alenquer	409	367	407	380	413	378	402	392	419	439
Alfândega da Fé	21	23	25	34	27	20	21	28	18	11
Alijó	56	71	70	56	56	54	46	56	65	50
Aljezur	39	47	47	53	49	58	46	61	65	58
Aljustrel	58	68	82	67	82	57	72	79	62	74
Almada	1597	1698	1555	1625	1701	1645	1562	1712	1783	1728
Almeida	26	27	19	19	23	18	12	20	19	17
Almeirim	196	175	175	149	156	180	155	180	179	163
Almodôvar	42	49	54	61	50	41	57	46	38	40
Alpiarça	52	53	49	58	38	38	42	54	54	61
Alter do Chão	23	24	23	23	16	21	21	23	23	17
Alvaiázere	38	29	32	37	34	21	40	23	33	35
Alvito	20	19	17	22	15	19	20	16	15	22
Amadora	1869	1891	1943	2019	2079	1952	1725	1850	2021	2132
Amarante	362	350	343	366	339	350	301	359	343	297
Amares	111	134	147	128	149	142	132	123	136	127
Anadia	174	159	192	162	187	156	158	182	180	177
Angra do Heroísmo	298	297	247	290	291	292	260	264	253	220
Ansião	67	62	50	71	67	64	69	68	70	60
Arcos de Valdevez	107	122	98	109	110	108	110	113	116	107
Arganil	77	73	67	100	62	53	65	67	72	59
Armamar	34	32	35	32	26	33	28	26	15	21
Arouca	166	168	138	138	129	160	125	141	138	129
Arraiolos	36	53	44	52	37	39	45	38	38	48
Arronches	18	22	21	20	16	12	15	23	19	18
Arruda dos Vinhos	121	128	84	108	132	117	107	130	100	125
Aveiro	623	706	707	702	699	676	641	654	660	647
Avis	43	29	21	28	22	25	28	29	21	21
Azambuja	163	166	166	178	158	180	150	168	188	179
Baião	110	125	118	108	126	118	77	74	100	95
Barcelos	863	867	843	922	867	853	756	841	843	861
Barrancos	13	14	13	15	12	13	12	11	8	9
Barreiro	675	609	659	637	664	713	647	722	822	838
Batalha	129	113	120	133	123	137	104	114	155	117
Beja	305	359	304	334	323	287	310	308	344	300
Belmonte	31	65	36	35	36	30	31	48	29	36
Benavente	288	256	231	253	243	288	220	292	271	286
Bombarral	75	84	86	95	77	105	102	99	86	80
Borba	52	39	51	51	41	40	53	45	43	37
Boticas	27	25	34	25	24	20	24	32	23	24
Braga	1573	1675	1672	1735	1677	1700	1508	1673	1650	1581
Bragança	233	227	250	231	248	251	206	244	251	220
Cabeceiras de Basto	132	93	108	99	86	111	98	96	95	101
Cadaval	86	89	76	79	78	73	79	87	85	78
Caldas da Rainha	357	388	346	350	364	356	327	376	395	386
Calheta (R.A.A.)	26	21	17	22	27	23	21	28	24	23
Calheta (R.A.M.)	69	62	71	64	70	75	67	77	70	78
Câmara de Lobos	292	320	293	294	313	328	270	270	267	306
Caminha	96	102	86	117	116	101	86	97	93	96
Campo Maior	72	54	58	61	59	81	67	61	51	40
Cantanhede	225	227	259	249	236	229	220	250	226	247
Carrazeda de Ansiães	30	44	34	30	34	21	20	25	20	12
Carregal do Sal	56	67	51	70	59	60	53	60	56	62
Cartaxo	170	171	171	172	194	175	145	187	175	159
Cascais	2131	2038	2060	2039	1969	1836	1710	1734	1752	1725
Castanheira de Pêra	13	7	10	14	4	14	10	6	11	17
Castelo Branco	411	374	383	392	324	346	355	396	366	405
Castelo de Paiva	103	100	122	104	96	86	84	97	101	86
Castelo de Vide	22	22	23	18	19	20	17	15	14	17
Castro Daire	90	80	73	81	79	71	67	60	65	62
Castro Marim	43	53	43	44	60	54	46	48	37	45
Castro Verde	48	45	55	53	63	49	47	51	42	55
Celorico da Beira	34	35	22	45	33	42	29	39	34	37
Celorico de Basto	101	136	108	123	118	99	95	102	108	84
Chamusca	68	45	48	50	60	54	39	47	55	69
Chaves	216	229	266	215	212	239	173	194	178	202
Cinfães	123	155	114	139	139	107	108	95	83	91
Coimbra	1156	1149	1134	1111	1150	1078	1022	1042	1065	1097
Condeixa-a-Nova	136	139	143	118	121	117	107	127	137	139
Constância	23	29	22	33	29	30	22	24	25	27
Coruche	125	113	113	104	117	102	126	98	111	82
Corvo	2	0	1	4	1	2	5	4	2	1
Covilhã	305	292	317	299	259	283	260	292	336	295
Crato	17	17	24	21	18	17	10	21	18	16
Cuba	48	31	37	28	34	42	36	39	32	37
Elvas	157	140	160	163	151	157	162	141	137	134
Entroncamento	182	177	165	159	187	170	150	148	196	251
Espinho	238	215	224	189	215	214	200	226	195	161
Esposende	287	295	292	295	279	263	283	338	309	312
Estarreja	201	204	187	207	196	230	186	202	221	192
Estrangeiro	279	314	344	361	447	266	213	318	295	292
Estremoz	94	94	100	101	90	92	106	89	90	106
Évora	429	500	447	456	484	437	426	422	443	438
Fafe	356	352	339	337	333	342	311	347	367	321
Faro	607	665	649	687	674	656	593	592	607	579
Felgueiras	459	476	473	465	444	421	377	423	420	395
Ferreira do Alentejo	59	82	66	60	51	69	70	45	67	59
Ferreira do Zêzere	33	51	58	45	39	42	48	47	52	40
Figueira da Foz	433	409	384	415	396	398	347	384	393	418
Figueira de Castelo Rodrigo	43	31	39	26	23	36	33	33	35	28
Figueiró dos Vinhos	33	40	37	30	34	31	24	23	20	29
Fornos de Algodres	34	28	30	23	22	34	18	21	21	23
Freixo de Espada à Cinta	15	26	15	22	23	18	18	20	23	18
Fronteira	20	17	11	19	17	15	14	19	14	15
Funchal	755	747	809	803	743	761	720	724	692	701
Fundão	166	151	175	169	130	171	162	154	185	168
Gavião	18	20	18	13	10	14	14	13	17	13
Góis	33	19	26	17	17	14	11	15	22	23
Golegã	40	37	55	41	36	36	43	37	42	33
Gondomar	1306	1292	1263	1229	1345	1284	1217	1190	1234	1149
Gouveia	74	55	58	66	69	57	49	62	67	60
Grândola	127	107	90	95	89	109	108	111	116	142
Guarda	262	279	262	265	271	284	268	249	244	271
Guimarães	1183	1313	1251	1262	1255	1281	1147	1203	1175	1128
Horta	102	120	114	128	122	103	110	112	118	112
Idanha-a-Nova	45	55	41	37	46	48	43	39	47	49
Ignorado	0	0	0	0	1	0	0	0	0	0
Ílhavo	349	323	323	317	357	334	322	322	305	292
Lagoa	219	201	209	222	215	200	224	191	216	216
Lagoa (R.A.A.)	136	144	134	145	127	162	135	137	134	131
Lagos	250	261	265	261	282	234	258	283	254	287
Lajes das Flores	7	13	9	7	15	14	7	10	9	11
Lajes do Pico	31	21	35	31	34	35	32	30	31	38
Lamego	165	159	153	142	150	139	124	128	124	123
Leiria	1022	1113	1107	1073	1062	1068	988	1114	1125	1073
Lisboa	5778	6022	5935	5900	5926	5705	5398	5493	5646	5767
Loulé	659	666	686	696	670	762	687	624	761	793
Loures	2122	2228	2223	2256	2250	2157	2058	2178	2333	2317
Lourinhã	217	202	218	213	223	207	204	220	221	228
Lousã	152	141	134	125	104	127	104	109	114	108
Lousada	373	399	414	429	395	375	354	407	407	366
Mação	24	37	26	28	25	27	28	22	38	25
Macedo de Cavaleiros	76	86	85	73	73	61	84	76	74	63
Machico	134	126	136	125	129	131	111	106	111	123
Madalena	54	53	74	59	53	52	47	54	60	48
Mafra	796	764	741	798	752	751	745	792	721	751
Maia	1128	1120	1142	1109	1076	1054	974	1055	976	978
Mangualde	135	124	108	126	115	115	99	121	126	112
Manteigas	14	14	9	13	23	19	19	14	27	19
Marco de Canaveses	351	392	368	327	346	366	344	336	343	337
Marinha Grande	279	316	339	330	291	344	264	299	343	299
Marvão	12	18	25	13	15	15	24	15	14	22
Matosinhos	1442	1533	1449	1461	1419	1372	1190	1257	1277	1152
Mealhada	137	156	119	129	144	122	120	121	122	118
Mêda	25	28	32	21	22	19	14	14	17	24
Melgaço	44	42	26	35	35	30	28	20	31	29
Mértola	36	44	30	23	28	30	42	24	20	27
Mesão Frio	26	15	10	24	17	27	14	17	20	12
Mira	74	76	75	94	99	84	77	90	78	82
Miranda do Corvo	68	86	73	75	69	66	67	74	60	68
Miranda do Douro	28	40	37	35	21	30	26	24	31	20
Mirandela	149	134	146	125	151	124	99	115	132	109
Mogadouro	44	46	55	40	26	36	34	39	42	50
Moimenta da Beira	67	70	63	70	53	60	64	67	67	70
Moita	554	563	605	646	653	608	675	721	774	769
Monção	96	89	98	99	100	89	79	118	104	105
Monchique	32	39	30	32	41	32	39	34	27	46
Mondim de Basto	38	39	25	46	32	29	25	39	37	34
Monforte	26	22	24	26	24	28	18	21	23	26
Montalegre	41	42	43	54	33	40	44	39	30	29
Montemor-o-Novo	119	111	103	98	100	103	106	105	112	119
Montemor-o-Velho	195	184	192	175	176	192	170	174	171	178
Montijo	598	600	589	569	619	611	569	566	656	618
Mora	23	31	18	30	24	22	12	17	30	24
Mortágua	45	60	54	60	60	48	53	57	63	45
Moura	133	128	127	124	132	128	131	119	131	119
Mourão	19	26	21	17	22	26	31	24	24	18
Murça	24	25	27	27	19	28	21	16	22	21
Murtosa	99	86	92	81	84	77	96	67	91	81
Nazaré	129	135	108	135	117	110	123	110	131	136
Nelas	91	107	85	75	93	82	65	79	77	96
Nisa	36	23	28	28	28	35	20	33	25	30
Nordeste	38	28	35	36	40	25	27	33	38	26
Óbidos	95	92	81	100	98	83	90	100	80	81
Odemira	148	169	172	210	237	242	269	237	275	301
Odivelas	1778	1859	1920	1864	1926	1753	1648	1741	1822	1815
Oeiras	1674	1690	1595	1637	1648	1466	1432	1453	1484	1386
Oleiros	17	19	14	14	13	17	20	25	23	26
Olhão	415	420	405	425	436	404	363	380	409	341
Oliveira de Azeméis	432	465	455	475	459	464	428	465	434	433
Oliveira de Frades	61	66	71	78	78	74	60	71	56	59
Oliveira do Bairro	203	192	187	211	212	197	168	175	221	188
Oliveira do Hospital	120	133	141	126	137	143	121	132	139	152
Ourém	318	308	285	327	333	322	326	319	333	330
Ourique	27	26	20	28	40	29	28	34	44	27
Ovar	392	450	431	439	431	375	460	420	414	413
Paços de Ferreira	457	475	453	486	460	435	427	449	465	424
Palmela	556	558	508	531	574	545	580	598	552	617
Pampilhosa da Serra	14	20	22	15	9	12	13	17	14	13
Paredes	700	714	667	664	691	691	674	657	692	655
Paredes de Coura	55	59	50	65	57	57	42	45	50	41
Pedrógão Grande	17	18	21	13	15	16	18	15	23	22
Penacova	98	69	63	76	56	44	61	58	73	75
Penafiel	591	578	572	552	548	552	549	549	546	521
Penalva do Castelo	42	42	39	45	28	45	25	32	25	34
Penamacor	14	16	18	25	13	26	10	25	27	18
Penedono	17	10	11	10	12	13	10	15	14	8
Penela	35	32	34	33	21	36	25	41	36	31
Peniche	233	223	214	230	241	234	210	240	201	209
Peso da Régua	95	90	105	96	109	105	80	85	98	83
Pinhel	44	34	43	51	28	36	26	30	40	18
Pombal	373	331	336	341	354	347	363	347	402	363
Ponta Delgada	683	638	659	660	623	623	621	621	592	583
Ponta do Sol	65	48	51	56	62	49	62	51	65	65
Ponte da Barca	69	77	63	69	64	67	57	86	62	62
Ponte de Lima	308	286	253	291	287	293	270	287	291	275
Ponte de Sor	108	96	109	122	114	114	87	118	106	103
Portalegre	176	194	156	196	173	163	155	144	141	134
Portel	42	28	52	47	39	41	42	46	40	25
Portimão	583	547	558	597	630	575	584	634	666	615
Porto	1952	2075	2093	1976	1976	1935	1830	1925	1925	1911
Porto de Mós	190	187	154	167	189	148	177	148	172	198
Porto Moniz	15	17	11	10	11	13	10	13	12	14
Porto Santo	32	42	37	29	32	24	33	39	34	34
Póvoa de Lanhoso	157	125	149	144	143	157	130	164	137	166
Póvoa de Varzim	497	521	501	486	519	527	467	521	516	531
Povoação	61	50	41	43	35	47	45	36	51	32
Proença-a-Nova	35	40	42	38	17	32	35	34	30	32
Redondo	51	51	47	42	47	35	48	50	57	40
Reguengos de Monsaraz	95	69	71	79	81	76	85	72	77	80
Resende	83	74	64	59	52	69	52	68	51	50
Ribeira Brava	92	74	98	90	102	74	92	71	84	83
Ribeira de Pena	35	47	35	29	36	36	30	34	24	30
Ribeira Grande	373	407	409	385	370	326	331	348	349	289
Rio Maior	176	174	164	184	180	180	188	169	206	200
Sabrosa	30	22	28	35	34	22	19	34	33	30
Sabugal	42	55	57	54	61	49	48	46	46	33
Salvaterra de Magos	156	146	132	139	166	146	166	160	185	147
Santa Comba Dão	64	56	68	66	65	64	74	60	51	70
Santa Cruz	422	366	381	367	365	337	330	343	334	320
Santa Cruz da Graciosa	40	28	40	36	40	33	29	41	39	31
Santa Cruz das Flores	19	16	15	22	16	11	22	10	13	12
Santa Maria da Feira	1050	1077	1029	1051	1056	1023	935	1063	1027	993
Santa Marta de Penaguião	36	39	36	25	24	31	28	25	25	25
Santana	40	28	44	53	40	27	28	41	43	32
Santarém	466	471	403	452	427	425	421	468	479	517
Santiago do Cacém	212	214	216	207	207	185	183	223	193	172
Santo Tirso	434	458	418	467	460	439	426	422	439	411
São Brás de Alportel	107	85	90	93	100	99	102	75	99	81
São João da Madeira	141	139	151	170	144	158	154	146	152	141
São João da Pesqueira	43	43	42	44	36	37	40	41	36	39
São Pedro do Sul	83	100	86	77	91	84	67	70	78	76
São Roque do Pico	30	26	26	28	23	24	22	28	30	19
São Vicente	31	28	29	28	24	41	21	23	35	37
Sardoal	22	20	19	16	23	16	18	17	18	17
Sátão	65	71	82	54	73	59	66	77	64	69
Seia	143	144	141	141	119	105	125	87	121	132
Seixal	1519	1529	1633	1698	1639	1610	1464	1671	1850	1918
Sernancelhe	16	37	32	26	20	25	34	24	26	28
Serpa	104	106	95	86	99	124	101	113	105	90
Sertã	74	100	91	86	74	93	78	89	70	84
Sesimbra	454	489	517	475	455	440	429	505	475	431
Setúbal	1047	1100	1075	1079	1075	1063	983	1027	1089	1107
Sever do Vouga	75	69	55	60	70	68	70	71	78	86
Silves	296	292	294	298	370	367	321	317	328	369
Sines	135	128	139	131	118	130	128	135	136	114
Sintra	3715	3822	4000	4230	4251	3919	3723	4111	4348	4413
Sobral de Monte Agraço	74	79	77	89	82	85	75	92	117	93
Soure	101	110	95	113	89	106	80	90	79	85
Sousel	31	33	35	31	27	19	38	24	32	25
Tábua	83	73	66	71	72	88	61	63	82	86
Tabuaço	23	37	18	26	27	26	32	30	28	18
Tarouca	48	60	45	51	47	50	48	37	44	41
Tavira	173	213	226	202	200	194	199	188	202	182
Terras de Bouro	31	40	40	37	31	40	33	35	33	34
Tomar	224	254	193	236	208	201	209	215	213	223
Tondela	149	144	169	137	132	140	155	166	159	143
Torre de Moncorvo	33	30	42	34	43	35	36	37	35	21
Torres Novas	255	258	222	251	226	260	174	222	219	233
Torres Vedras	654	613	684	629	680	689	696	715	744	738
Trancoso	41	55	32	56	34	41	48	41	44	38
Trofa	298	341	325	317	279	322	313	265	312	306
Vagos	183	177	172	189	201	184	175	195	194	193
Vale de Cambra	131	137	141	120	141	149	122	126	124	144
Valença	92	95	97	82	91	72	101	104	98	101
Valongo	839	784	806	833	794	779	758	711	776	715
Valpaços	73	90	60	80	72	82	58	61	62	69
Velas	30	47	40	43	29	44	34	37	35	27
Vendas Novas	98	82	85	66	77	81	64	96	82	100
Viana do Alentejo	42	47	43	47	46	49	31	36	44	40
Viana do Castelo	660	655	631	639	629	618	567	628	627	632
Vidigueira	55	49	40	40	53	56	43	45	35	31
Vieira do Minho	73	63	59	54	67	74	64	67	70	50
Vila da Praia da Vitória	167	201	188	174	157	157	168	154	130	145
Vila de Rei	21	14	18	18	11	17	25	26	21	19
Vila do Bispo	48	44	51	48	40	49	57	52	52	51
Vila do Conde	657	717	676	697	692	643	592	649	629	599
Vila do Porto	42	52	61	49	37	38	56	38	42	42
Vila Flor	30	37	41	38	39	34	29	34	36	29
Vila Franca de Xira	1342	1409	1314	1379	1313	1347	1225	1285	1322	1339
Vila Franca do Campo	122	101	74	91	91	92	71	83	92	81
Vila Nova da Barquinha	42	38	60	47	50	50	47	56	54	70
Vila Nova de Cerveira	49	60	52	75	72	56	54	60	61	70
Vila Nova de Famalicão	1036	1043	1069	1038	1107	1060	993	1106	1017	1104
Vila Nova de Foz Côa	37	38	33	36	37	26	30	32	22	27
Vila Nova de Gaia	2469	2515	2536	2471	2483	2400	2295	2344	2330	2266
Vila Nova de Paiva	27	20	41	25	22	25	24	22	27	25
Vila Nova de Poiares	48	51	49	49	40	31	35	52	50	61
Vila Pouca de Aguiar	62	57	63	68	49	56	57	45	41	48
Vila Real	412	385	370	341	320	353	326	354	340	305
Vila Real de Santo António	166	182	177	186	135	141	140	142	170	154
Vila Velha de Ródão	15	13	17	18	11	14	17	19	17	23
Vila Verde	354	349	346	369	391	360	346	358	366	391
Vila Viçosa	47	57	56	51	44	49	48	39	46	32
Vimioso	26	27	21	25	28	22	16	20	19	17
Vinhais	33	27	30	34	27	32	34	34	20	25
Viseu	780	830	767	800	777	775	732	735	774	803
Vizela	185	197	217	238	203	198	184	217	224	206
Vouzela	67	58	43	54	65	59	62	52	54	48
